0	1
1	0.941813671
2	0.765435502
3	0.658406836
4	0.587183021
5	0.550413451
6	0.539057332
7	0.515463065
8	0.497739802
9	0.488423374
10	0.479713341
11	0.467089305
12	0.455595369
13	0.448208379
14	0.442171996
15	0.438809261
16	0.434647189
17	0.432083793
18	0.428996692
19	0.421389195
20	0.414966924
21	0.410088203
22	0.402811466
23	0.394432194
24	0.385501654
25	0.378665932
26	0.370314223
27	0.364029768
28	0.358406836
29	0.353197354
30	0.347519294
31	0.343605292
32	0.3353914
33	0.330016538
34	0.324090408
35	0.317888644
36	0.314581036
37	0.312017641
38	0.30884785
39	0.305347299
40	0.30154355
41	0.299173098
42	0.295672547
43	0.292006615
44	0.288368247
45	0.284895259
46	0.280567806
47	0.275303197
48	0.266372657
49	0.256615215
50  0