0	1
1	0.886183049
2	0.576147734
3	0.438198941
4	0.353884638
5	0.305768099
6	0.268025309
7	0.24124485
8	0.225573867
9	0.212477928
10	0.200412007
11	0.174808711
12	0.161344909
13	0.153914067
14	0.147218952
15	0.140008829
16	0.135153031
17	0.131989406
18	0.129414361
19	0.126545026
20	0.123381401
21	0.120659211
22	0.117789876
23	0.114184815
24	0.111168334
25	0.108519717
26	0.105429665
27	0.100868158
28	0.098808122
29	0.097704532
30	0.095644497
31	0.094761624
32	0.092407298
33	0.087625074
34	0.085417893
35	0.083357858
36	0.081812831
37	0.079164214
38	0.074381989
39	0.071144791
40	0.068496174
41	0.065258976
42	0.062536786
43	0.058711006
44	0.055400235
45	0.053928782
46	0.050029429
47	0.046571513
48	0.044732195
49	0.043040024
50	0.040023543
51	0.038772808
52	0.037007063
53	0.035314891
54	0.034284873
55	0.032886992
56	0.031268393
57	0.029796939
58	0.028546204
59  0