0	1
1	0.927326497
2	0.705146673
3	0.592911996
4	0.510870498
5	0.475106129
6	0.430899118
7	0.391910327
8	0.373260196
9	0.358120677
10	0.346959218
11	0.330293346
12	0.318712139
13	0.310441212
14	0.298459337
15	0.286296208
16	0.275220606
17	0.267741474
18	0.259212974
19	0.252420701
20	0.247126163
21	0.241182924
22	0.23703315
23	0.233894586
24	0.231452421
25	0.227464822
26	0.223229192
27	0.218087288
28	0.214195087
29	0.211056523
30	0.208623897
31	0.205857381
32	0.203033627
33	0.199647031
34	0.194581445
35	0.191099451
36	0.187560219
37	0.183954209
38	0.181378488
39	0.179308371
40	0.177171476
41	0.173689482
42	0.171514429
43	0.169358455
44	0.166754114
45	0.163720487
46	0.161202003
47	0.158645361
48	0.156298593
49	0.154333413
50	0.152892917
51	0.151280706
52	0.149897448
53	0.147913189
54	0.143553542
55	0.138793227
56	0.135301693
57	0.130560458
58	0.127164321
59	0.125504412
60	0.123825423
61	0.122537563
62	0.120352969
63	0.117519676
64	0.114810398
65	0.107789172
66	0.10295254
67	0.099585023
68	0.096770808
69	0.094672073
70	0.092058192
71	0.089453852
72	0.087107083
73	0.084960649
74	0.083214882
75	0.081087527
76	0.079170045
77	0.076145958
78	0.073474839
79	0.068161221
80	0.062504174
81	0.057553065
82	0.052878607
83	0.049243978
84	0.046687336
85	0.044130694
86	0.041841164
87	0.039942762
88	0.037319342
89	0.03506797
90	0.032606725
91	0.029811591
92	0.027283568
93	0.023868352
94  0